7:22500,25324,83362
10:11834,36551,85323,42750,25997,35366,21288
18:53995,48769,86934
22:4259
46:64275,11413,53624,38762,41051
95:49592,37652,7085
119:97077,1988
128:78137,87682,90592
160:95140,63862,28686,66267
161:71585,57635,96506,68548,50320,12949
164:22182,77430
168:85788,33586,37842,195,1515,17457
173:123
180:3431,16634,3183,40323,40494,45765,34730
186:29181,78985,36702,56727
189:2989,33946
191:59813,93903,69075,74676,90656,14583
202:239
203:10
208:11091,81313,98588,24140,62703,24130,61905,409,26961,67234,22132
210:45317,22078,59275
224:71249,25914,83615,47515,19763,93382,44612,8172,69676,82842,71723,18382,45906,86624,45803,90185
231:2173,62866,3461,6148
235:47342,23107,72547,70558,75223,10393,23234
239:25441,22422,62868,35904,95323,44507,35431,14961,28385,95256,16903
242:71249,84607,25914,45908,83615,38557,56727,47515,93382,51796,73019,47831
253:7659,1562,52256,22913